4	0.006
188	0.007
1027	0.008
1782	0.009
2204	0.01
2438	0.011
2601	0.012
2710	0.013
2804	0.014
2864	0.015
2900	0.016
2958	0.017
2998	0.018
3046	0.019
3081	0.02
3113	0.021
3139	0.022
3158	0.023
3181	0.024
3198	0.025
3205	0.026
3219	0.027
3228	0.028
3240	0.029
3256	0.03
3270	0.031
3276	0.032
3287	0.033
3298	0.034
3310	0.035
3322	0.036
3334	0.037
3344	0.038
3352	0.039
3365	0.04
3373	0.041
3382	0.042
3387	0.043
3393	0.044
3398	0.045
3408	0.046
3415	0.047
3416	0.048
3426	0.049
3433	0.05
3442	0.051
3450	0.052
3458	0.053
3468	0.054
3471	0.055
3480	0.056
3488	0.057
3492	0.058
3499	0.059
3505	0.06
3508	0.061
3513	0.062
3518	0.063
3520	0.064
3526	0.065
3533	0.066
3538	0.067
3544	0.068
3551	0.069
3552	0.07
3558	0.071
3562	0.072
3573	0.073
3579	0.074
3580	0.075
3585	0.076
3589	0.077
3592	0.078
3597	0.079
3599	0.08
3602	0.081
3606	0.082
3609	0.083
3612	0.084
3620	0.085
3625	0.086
3630	0.087
3634	0.088
3639	0.089
3641	0.09
3645	0.091
3649	0.092
3651	0.093
3653	0.094
3658	0.095
3664	0.096
3667	0.097
3668	0.098
3671	0.099
3675	0.1
3679	0.101
3692	0.102
3705	0.103
3712	0.104
3714	0.105
3718	0.106
3719	0.107
3723	0.108
3728	0.109
3732	0.111
3737	0.112
3742	0.113
3748	0.114
3751	0.115
3752	0.116
3754	0.117
3756	0.118
3762	0.119
3766	0.12
3768	0.121
3772	0.122
3773	0.123
3774	0.124
3776	0.125
3778	0.126
3781	0.127
3785	0.128
3788	0.129
3791	0.13
3796	0.131
3799	0.132
3805	0.133
3809	0.134
3813	0.135
3817	0.136
3820	0.137
3824	0.138
3826	0.139
3830	0.14
3835	0.141
3836	0.142
3839	0.143
3842	0.144
3843	0.145
3845	0.146
3850	0.148
3852	0.149
3854	0.15
3855	0.151
3857	0.152
3863	0.153
3864	0.154
3869	0.155
3871	0.156
3874	0.157
3878	0.158
3882	0.159
3886	0.16
3888	0.161
3890	0.162
3891	0.164
3893	0.165
3898	0.166
3901	0.167
3902	0.168
3905	0.169
3908	0.17
3912	0.171
3915	0.172
3918	0.173
3921	0.174
3924	0.175
3926	0.176
3927	0.177
3931	0.178
3936	0.179
3937	0.18
3943	0.181
3946	0.183
3947	0.184
3948	0.185
3950	0.186
3953	0.187
3957	0.188
3960	0.189
3963	0.19
3965	0.191
3968	0.192
3970	0.193
3972	0.194
3975	0.195
3978	0.196
3983	0.197
3985	0.198
3988	0.199
3991	0.2
3994	0.201
3996	0.202
3999	0.203
4001	0.204
4003	0.205
4009	0.206
4011	0.207
4014	0.208
4016	0.209
4018	0.21
4019	0.211
4022	0.212
4026	0.213
4029	0.214
4034	0.215
4039	0.216
4043	0.217
4045	0.218
4047	0.219
4051	0.22
4052	0.221
4054	0.222
4056	0.223
4057	0.225
4060	0.226
4061	0.229
4063	0.23
4064	0.231
4067	0.232
4068	0.233
4069	0.234
4070	0.235
4073	0.236
4075	0.237
4077	0.238
4078	0.239
4082	0.24
4084	0.241
4085	0.242
4086	0.244
4087	0.245
4088	0.246
4090	0.247
4092	0.248
4094	0.25
4095	0.251
4098	0.254
4099	0.255
4100	0.256
4101	0.257
4104	0.259
4106	0.26
4107	0.261
4110	0.262
4111	0.263
4114	0.265
4117	0.267
4118	0.268
4119	0.269
4123	0.271
4124	0.272
4125	0.273
4126	0.274
4129	0.275
4132	0.276
4135	0.277
4138	0.278
4141	0.28
4145	0.281
4146	0.282
4148	0.283
4150	0.285
4152	0.287
4155	0.288
4156	0.289
4159	0.29
4162	0.291
4164	0.292
4166	0.293
4169	0.294
4171	0.295
4173	0.296
4176	0.297
4178	0.299
4180	0.3
4182	0.301
4186	0.302
4187	0.303
4190	0.304
4194	0.305
4196	0.306
4197	0.307
4201	0.309
4202	0.31
4203	0.311
4207	0.312
4211	0.313
4213	0.315
4214	0.316
4215	0.317
4217	0.318
4220	0.319
4221	0.32
4222	0.322
4227	0.323
4231	0.324
4232	0.326
4234	0.327
4238	0.328
4239	0.331
4241	0.332
4244	0.333
4247	0.334
4250	0.335
4251	0.338
4252	0.339
4253	0.341
4255	0.342
4258	0.343
4259	0.344
4260	0.346
4261	0.347
4262	0.348
4264	0.349
4265	0.35
4267	0.351
4268	0.352
4269	0.355
4271	0.356
4273	0.357
4274	0.358
4276	0.36
4280	0.361
4281	0.363
4283	0.364
4285	0.365
4287	0.367
4289	0.369
4294	0.37
4295	0.372
4299	0.373
4302	0.374
4304	0.376
4305	0.377
4306	0.379
4308	0.38
4310	0.382
4312	0.383
4317	0.385
4318	0.386
4320	0.388
4322	0.39
4326	0.392
4329	0.393
4332	0.395
4333	0.396
4334	0.399
4337	0.4
4340	0.401
4344	0.402
4345	0.405
4347	0.406
4348	0.407
4349	0.408
4350	0.411
4351	0.415
4352	0.416
4353	0.417
4354	0.419
4355	0.42
4356	0.421
4360	0.422
4361	0.423
4362	0.424
4364	0.426
4366	0.427
4367	0.428
4369	0.429
4371	0.431
4374	0.434
4375	0.436
4377	0.437
4378	0.438
4380	0.439
4381	0.441
4382	0.442
4383	0.443
4386	0.444
4387	0.446
4389	0.447
4391	0.448
4394	0.449
4397	0.45
4398	0.451
4401	0.452
4402	0.454
4406	0.456
4407	0.457
4410	0.459
4415	0.461
4416	0.463
4417	0.464
4420	0.465
4421	0.466
4422	0.468
4425	0.47
4426	0.472
4428	0.474
4430	0.475
4432	0.476
4434	0.477
4435	0.478
4436	0.479
4438	0.481
4442	0.484
4443	0.485
4444	0.486
4446	0.487
4448	0.49
4449	0.492
4450	0.493
4451	0.494
4452	0.497
4453	0.498
4454	0.499
4455	0.501
4456	0.502
4457	0.503
4458	0.504
4459	0.505
4460	0.506
4463	0.507
4464	0.508
4466	0.509
4468	0.511
4471	0.512
4472	0.513
4473	0.515
4474	0.517
4476	0.518
4477	0.519
4479	0.52
4482	0.523
4483	0.524
4484	0.525
4487	0.526
4489	0.527
4490	0.529
4494	0.53
4495	0.531
4496	0.532
4497	0.533
4499	0.535
4500	0.536
4501	0.539
4502	0.54
4503	0.541
4505	0.542
4506	0.543
4508	0.544
4511	0.545
4512	0.547
4513	0.55
4516	0.552
4519	0.553
4521	0.556
4523	0.557
4526	0.558
4528	0.559
4529	0.561
4532	0.562
4534	0.563
4536	0.568
4537	0.571
4539	0.575
4542	0.576
4544	0.581
4546	0.582
4547	0.583
4548	0.588
4551	0.59
4553	0.591
4554	0.592
4555	0.593
4557	0.594
4558	0.595
4559	0.596
4560	0.599
4561	0.6
4562	0.604
4563	0.605
4564	0.606
4565	0.607
4566	0.609
4567	0.61
4570	0.611
4572	0.612
4574	0.614
4576	0.615
4578	0.616
4580	0.618
4582	0.619
4583	0.62
4585	0.621
4586	0.623
4587	0.624
4588	0.625
4589	0.626
4593	0.627
4594	0.629
4595	0.632
4596	0.635
4597	0.636
4599	0.637
4600	0.639
4601	0.64
4602	0.641
4603	0.642
4604	0.645
4605	0.646
4606	0.647
4607	0.648
4609	0.649
4612	0.65
4613	0.652
4617	0.655
4620	0.656
4622	0.657
4623	0.659
4624	0.66
4625	0.661
4627	0.662
4629	0.663
4632	0.666
4633	0.668
4634	0.673
4635	0.674
4636	0.675
4638	0.676
4639	0.677
4640	0.679
4643	0.68
4645	0.681
4646	0.684
4647	0.685
4648	0.686
4649	0.688
4653	0.689
4655	0.693
4657	0.695
4658	0.696
4660	0.698
4662	0.699
4663	0.707
4666	0.708
4667	0.71
4668	0.711
4669	0.717
4670	0.718
4671	0.721
4672	0.725
4674	0.726
4677	0.729
4679	0.73
4681	0.731
4682	0.732
4684	0.739
4686	0.741
4687	0.742
4689	0.743
4690	0.746
4693	0.747
4694	0.75
4695	0.751
4700	0.753
4701	0.756
4705	0.76
4706	0.761
4707	0.762
4708	0.767
4709	0.768
4710	0.773
4711	0.774
4712	0.779
4713	0.78
4714	0.781
4716	0.782
4717	0.785
4718	0.787
4719	0.788
4720	0.789
4721	0.791
4723	0.792
4724	0.793
4725	0.794
4726	0.795
4728	0.796
4730	0.799
4732	0.8
4734	0.801
4735	0.802
4736	0.808
4738	0.81
4739	0.813
4740	0.815
4741	0.817
4742	0.818
4744	0.819
4745	0.82
4746	0.821
4747	0.822
4749	0.823
4752	0.824
4753	0.825
4754	0.826
4755	0.827
4756	0.828
4757	0.834
4758	0.835
4759	0.837
4760	0.838
4761	0.839
4762	0.841
4763	0.843
4766	0.844
4768	0.845
4770	0.849
4772	0.851
4775	0.852
4776	0.853
4778	0.854
4779	0.855
4780	0.858
4781	0.861
4783	0.864
4784	0.867
4785	0.868
4786	0.869
4787	0.87
4790	0.874
4791	0.876
4793	0.878
4795	0.88
4796	0.882
4797	0.884
4799	0.886
4800	0.889
4801	0.89
4802	0.891
4804	0.893
4805	0.897
4808	0.898
4809	0.9
4811	0.902
4812	0.904
4813	0.905
4814	0.912
4815	0.914
4816	0.917
4818	0.918
4819	0.92
4821	0.922
4822	0.927
4823	0.929
4824	0.93
4825	0.932
4826	0.933
4827	0.937
4828	0.946
4830	0.949
4831	0.951
4832	0.957
4834	0.965
4835	0.966
4836	0.967
4837	0.97
4839	0.972
4840	0.973
4841	0.979
4843	0.982
4844	0.984
4845	0.985
4846	0.986
4847	0.987
4848	0.988
4849	0.989
4850	0.992
4851	0.995
4852	0.997
4854	0.998
4855	1.001
4857	1.003
4858	1.005
4859	1.01
4860	1.015
4861	1.016
4863	1.017
4865	1.018
4866	1.02
4867	1.025
4869	1.027
4870	1.028
4871	1.032
4872	1.033
4873	1.035
4875	1.036
4876	1.037
4877	1.039
4878	1.041
4880	1.051
4881	1.055
4883	1.057
4884	1.059
4885	1.063
4886	1.064
4889	1.065
4890	1.066
4891	1.067
4892	1.073
4893	1.075
4894	1.077
4895	1.081
4896	1.084
4897	1.087
4898	1.09
4899	1.092
4901	1.093
4902	1.102
4904	1.105
4906	1.106
4907	1.107
4908	1.109
4909	1.112
4910	1.121
4911	1.13
4912	1.133
4913	1.136
4914	1.139
4916	1.143
4917	1.153
4918	1.161
4920	1.164
4922	1.166
4923	1.17
4924	1.171
4925	1.173
4926	1.174
4927	1.177
4928	1.18
4929	1.181
4930	1.183
4931	1.189
4932	1.19
4933	1.193
4934	1.195
4936	1.197
4938	1.199
4939	1.2
4940	1.202
4942	1.205
4943	1.21
4944	1.212
4945	1.215
4946	1.216
4947	1.218
4949	1.225
4950	1.23
4951	1.232
4952	1.233
4954	1.234
4955	1.235
4956	1.238
4957	1.239
4958	1.24
4960	1.242
4961	1.255
4962	1.262
4963	1.263
4964	1.265
4965	1.275
4966	1.279
4967	1.287
4968	1.288
4969	1.29
4971	1.291
4972	1.292
4973	1.293
4975	1.295
4976	1.297
4977	1.298
4978	1.301
4979	1.302
4981	1.305
4982	1.316
4984	1.327
4985	1.328
4986	1.33
4987	1.335
4989	1.336
4990	1.344
4991	1.348
4993	1.351
4994	1.362
4995	1.375
4996	1.381
4997	1.383
4998	1.388
4999	1.396
5000	1.397
5002	1.398
5003	1.4
5004	1.402
5005	1.404
5006	1.416
5007	1.421
5008	1.423
5010	1.426
5011	1.436
5012	1.438
5013	1.44
5014	1.445
5015	1.448
5016	1.45
5017	1.452
5018	1.457
5020	1.462
5021	1.463
5022	1.465
5023	1.467
5024	1.469
5025	1.472
5026	1.478
5027	1.485
5028	1.486
5029	1.488
5030	1.489
5031	1.491
5032	1.517
5033	1.531
5034	1.542
5035	1.546
5036	1.55
5037	1.566
5038	1.572
5039	1.574
5040	1.578
5041	1.589
5042	1.594
5043	1.605
5044	1.609
5045	1.615
5046	1.616
5047	1.623
5048	1.624
5049	1.633
5050	1.635
5052	1.636
5053	1.637
5054	1.644
5055	1.648
5056	1.65
5057	1.652
5058	1.66
5059	1.662
5060	1.664
5061	1.667
5062	1.669
5063	1.672
5065	1.683
5067	1.695
5068	1.699
5070	1.715
5071	1.724
5073	1.726
5074	1.728
5075	1.735
5076	1.739
5077	1.74
5078	1.752
5079	1.758
5080	1.762
5082	1.772
5083	1.774
5084	1.779
5085	1.784
5086	1.785
5087	1.797
5088	1.802
5089	1.804
5090	1.812
5091	1.817
5093	1.822
5094	1.824
5095	1.825
5096	1.826
5097	1.835
5098	1.842
5099	1.846
5100	1.851
5101	1.865
5102	1.874
5103	1.879
5104	1.882
5106	1.888
5107	1.897
5109	1.898
5110	1.901
5111	1.906
5112	1.914
5113	1.923
5115	1.929
5116	1.93
5117	1.933
5118	1.937
5119	1.945
5121	1.951
5122	1.955
5123	1.963
5124	1.967
5125	1.987
5126	1.99
5127	1.991
5129	1.998
5130	1.999
5131	2.007
5132	2.01
5133	2.012
5134	2.024
5135	2.034
5136	2.04
5137	2.041
5138	2.043
5139	2.047
5140	2.048
5141	2.049
5142	2.058
5143	2.06
5144	2.061
5145	2.068
5146	2.07
5147	2.074
5148	2.076
5149	2.077
5150	2.087
5152	2.091
5153	2.097
5154	2.099
5155	2.1
5156	2.102
5158	2.114
5160	2.116
5161	2.117
5162	2.118
5164	2.119
5165	2.148
5166	2.149
5169	2.152
5170	2.156
5171	2.16
5172	2.173
5173	2.183
5174	2.185
5175	2.188
5176	2.191
5177	2.193
5178	2.194
5179	2.195
5180	2.198
5181	2.206
5182	2.209
5183	2.221
5184	2.224
5185	2.225
5186	2.228
5187	2.233
5188	2.246
5189	2.257
5190	2.265
5191	2.267
5193	2.268
5194	2.274
5195	2.275
5196	2.282
5197	2.284
5198	2.294
5199	2.299
5201	2.314
5203	2.316
5204	2.321
5205	2.322
5206	2.323
5207	2.331
5209	2.332
5210	2.337
5211	2.338
5214	2.341
5215	2.353
5216	2.355
5217	2.356
5218	2.358
5219	2.36
5220	2.367
5221	2.369
5222	2.371
5223	2.373
5224	2.374
5225	2.38
5226	2.383
5227	2.384
5228	2.387
5229	2.393
5230	2.396
5231	2.4
5232	2.408
5233	2.409
5234	2.413
5235	2.424
5236	2.425
5237	2.427
5238	2.446
5239	2.447
5240	2.448
5241	2.453
5242	2.454
5243	2.455
5244	2.468
5245	2.48
5246	2.484
5247	2.486
5248	2.491
5249	2.493
5250	2.494
5251	2.5
5252	2.513
5253	2.515
5254	2.517
5255	2.518
5256	2.527
5257	2.538
5258	2.555
5259	2.558
5260	2.561
5261	2.592
5262	2.598
5263	2.599
5264	2.604
5265	2.613
5266	2.615
5267	2.617
5268	2.618
5269	2.619
5270	2.625
5271	2.628
5272	2.646
5273	2.66
5274	2.677
5275	2.686
5277	2.69
5278	2.691
5279	2.734
5280	2.743
5281	2.747
5282	2.748
5283	2.756
5284	2.759
5285	2.765
5286	2.772
5287	2.775
5288	2.782
5289	2.802
5290	2.81
5291	2.814
5292	2.824
5293	2.846
5294	2.849
5295	2.854
5296	2.862
5297	2.863
5298	2.877
5299	2.878
5300	2.879
5302	2.88
5303	2.888
5304	2.908
5305	2.912
5306	2.921
5307	2.925
5308	2.962
5309	2.975
5310	2.981
5311	2.984
5312	3.002
5313	3.005
5314	3.007
5315	3.009
5316	3.013
5317	3.035
5318	3.044
5319	3.054
5321	3.1
5322	3.111
5323	3.119
5324	3.136
5325	3.137
5326	3.144
5327	3.152
5328	3.16
5329	3.165
5330	3.172
5331	3.173
5333	3.174
5334	3.175
5335	3.198
5336	3.204
5337	3.208
5338	3.24
5339	3.243
5340	3.245
5341	3.249
5342	3.257
5343	3.266
5344	3.273
5345	3.286
5346	3.312
5347	3.326
5348	3.336
5349	3.359
5350	3.362
5351	3.373
5352	3.385
5353	3.399
5354	3.407
5355	3.43
5356	3.453
5357	3.477
5358	3.506
5359	3.533
5360	3.539
5361	3.542
5362	3.548
5363	3.565
5364	3.569
5365	3.601
5366	3.605
5367	3.623
5368	3.661
5369	3.669
5370	3.704
5372	3.74
5373	3.742
5374	3.744
5375	3.752
5376	3.795
5377	3.816
5378	3.874
5379	3.902
5380	3.903
5381	3.943
5382	3.95
5383	4.006
5384	4.009
5385	4.024
5386	4.028
5387	4.033
5388	4.034
5389	4.037
5390	4.088
5391	4.106
5392	4.108
5393	4.135
5394	4.172
5395	4.18
5396	4.208
5397	4.223
5398	4.225
5400	4.274
5402	4.285
5403	4.291
5404	4.307
5405	4.325
5406	4.333
5407	4.346
5408	4.348
5409	4.409
5410	4.437
5411	4.474
5412	4.545
5413	4.561
5414	4.563
5415	4.573
5416	4.591
5417	4.615
5418	4.63
5419	4.637
5420	4.66
5421	4.686
5422	4.69
5423	4.71
5424	4.718
5425	4.72
5426	4.755
5427	4.782
5429	4.794
5430	4.797
5431	4.805
5432	4.822
5433	4.845
5434	4.855
5435	4.863
5436	4.911
5437	4.966
5438	5.032
5439	5.142
5440	5.16
5441	5.175
5442	5.205
5443	5.222
5444	5.238
5445	5.249
5446	5.251
5447	5.256
5448	5.27
5449	5.275
5450	5.316
5451	5.33
5452	5.356
5453	5.408
5454	5.409
5455	5.41
5456	5.423
5457	5.51
5458	5.518
5459	5.519
5460	5.529
5461	5.558
5462	5.565
5463	5.595
5464	5.624
5465	5.649
5466	5.705
5467	5.743
5468	5.777
5469	5.834
5470	5.84
5471	5.861
5472	5.867
5473	5.908
5474	5.91
5475	5.912
5476	5.976
5477	5.978
5478	5.986
5479	6.008
5480	6.014
5481	6.049
5482	6.066
5483	6.072
5484	6.098
5485	6.126
5486	6.132
5487	6.141
5489	6.178
5490	6.186
5491	6.204
5492	6.205
5493	6.218
5494	6.239
5495	6.241
5496	6.244
5497	6.309
5498	6.333
5499	6.379
5500	6.427
5501	6.433
5502	6.478
5503	6.512
5504	6.523
5505	6.555
5506	6.57
5507	6.609
5508	6.638
5509	6.696
5510	6.717
5511	6.776
5512	6.826
5513	6.828
5514	6.868
5515	6.89
5516	6.971
5517	7.044
5518	7.078
5519	7.141
5521	7.149
5522	7.194
5523	7.2
5524	7.202
5525	7.503
5526	7.591
5527	7.673
5528	7.744
5529	7.767
5531	7.834
5532	7.85
5533	7.893
5534	7.899
5535	7.91
5536	7.961
5537	7.979
5538	8.049
5539	8.109
5540	8.117
5541	8.12
5542	8.132
5543	8.157
5544	8.189
5545	8.213
5546	8.22
5547	8.224
5548	8.313
5549	8.367
5550	8.404
5551	8.407
5552	8.417
5553	8.425
5554	8.441
5555	8.538
5556	8.554
5557	8.601
5559	8.714
5560	8.754
5561	8.84
5562	9.022
5563	9.16
5564	9.257
5565	9.448
5566	9.474
5567	9.51
5568	9.538
5569	9.573
5570	9.624
5571	9.64
5572	9.946
5573	10.027
5574	10.271
5575	10.501
5576	10.502
5577	10.535
5578	10.696
5579	10.704
5580	10.722
5581	10.765
5582	10.789
5583	10.798
5584	10.957
5585	10.966
5586	11.005
5587	11.019
5588	11.044
5589	11.082
5590	11.114
5591	11.18
5592	11.324
5593	11.626
5594	11.654
5595	11.709
5596	12.034
5597	12.054
5598	12.377
5599	12.49
5600	12.494
5601	12.499
5602	12.609
5603	12.672
5604	12.798
5605	12.966
5606	12.987
5607	13.091
5608	13.243
5609	13.246
5610	13.268
5611	13.44
5612	13.496
5613	13.641
5614	13.646
5615	13.718
5616	13.915
5617	14.081
5618	14.124
5619	14.129
5620	14.156
5621	14.337
5622	14.408
5623	14.448
5624	14.511
5625	14.732
5626	14.891
5627	14.942
5628	15.23
5629	15.342
5630	15.441
5631	15.464
5632	15.723
5633	15.762
5634	15.838
5635	15.848
5636	16.196
5637	16.635
5638	16.803
5639	17.052
5640	17.073
5641	17.173
5642	17.46
5643	17.802
5644	17.813
5645	18.175
5646	18.264
5647	18.742
5648	19.105
5649	19.428
5650	19.456
5651	19.588
5652	19.674
5653	19.697
5654	19.931
5655	20.105
5656	20.21
5657	20.454
5658	20.523
5659	20.581
5660	20.584
5661	20.684
5662	20.786
5663	20.914
5664	21.24
5665	21.34
5666	22.136
5667	22.571
5668	23.296
5669	24.118
5670	24.25
5671	24.288
5672	24.609
5673	25.487
5674	25.525
5675	25.773
5676	25.827
5677	25.954
5678	26.218
5679	26.358
5680	26.385
5681	27.27
5682	27.409
5683	27.411
5684	27.679
5685	28.11
5686	28.692
5687	29.168
5688	29.768
5689	30.073
5690	30.083
5691	30.239
5692	30.742
5693	30.879
5694	30.969
5695	31.05
5696	31.649
5697	31.964
5698	32.032
5699	32.288
5700	32.847
5701	33.486
5702	33.616
5703	33.944
5704	35.088
5705	35.545
5706	36.528
5707	36.672
5708	36.844
5709	39.522
5710	39.697
5711	40.349
5712	41.318
5713	42.886
5714	43.128
5715	46.065
5716	46.651
5717	46.799
5718	47.418
5719	48.41
5720	48.472
5721	49.079
5722	54.206
5723	54.333
5724	54.503
5725	54.637
5726	57.49
5727	57.795
5728	59.056
5729	60.993
5730	67.186
5731	67.787
5732	68.619
5733	68.75
5734	69.503
5735	73.111
5736	73.451
5737	76.508
5738	77.422
5739	79.481
5740	80.414
5741	80.509
5742	82.535
5743	83.576
5744	84.409
5745	84.68
5746	86.423
5747	91.54
5748	94.772
5749	96.881
5750	97.331
5751	98.506
5752	99.357
5753	101.885
5754	103.822
5755	104.701
5756	105.3
5757	107.977
5758	108.038
5759	112.76
5760	117.361
5761	118.365
5762	119.814
5763	119.842
